[{"id": 0, "img_name": "10", "width": 1068, "height": 799, "position": [-0.2966685452242878, -4.478391686720249, -0.4007104532919246], "rotation": [[0.8664581434715118, -0.09655847717714475, -0.48982317839923795], [0.4991283508020069, 0.145905803406605, 0.8541559494366012], [-0.011007953377878875, -0.9845750134029929, 0.17461634501078788]], "fy": 827.5837159010697, "fx": 832.0210947370572}, {"id": 1, "img_name": "11", "width": 1068, "height": 799, "position": [-0.2885832765063802, -4.3436386963067894, -0.4013020583933254], "rotation": [[0.8697700755100702, -0.09438942535602679, -0.4843455916266462], [0.47689810082797257, 0.4129273883928865, 0.7759247214399752], [0.1267604716537441, -0.9058595963481256, 0.40416602347318986]], "fy": 827.5837159010697, "fx": 832.0210947370572}, {"id": 2, "img_name": "12", "width": 1068, "height": 799, "position": [-0.20082101561388302, -3.0838073384335067, -0.20738731906228353], "rotation": [[0.8796581471902786, -0.10498875132364235, -0.46387380415072876], [0.41931366355025695, 0.6314795263552806, 0.6522343592254033], [0.2244495391882733, -0.7682518922134932, 0.5995093280913641]], "fy": 827.5837159010697, "fx": 832.0210947370572}, {"id": 3, "img_name": "13", "width": 1068, "height": 799, "position": [-0.29057632801713157, -0.9334365923601816, -0.5202921435733853], "rotation": [[0.8590355227790248, -0.1046051347609903, -0.5011144942878849], [0.30056609056424255, 0.8954694665177333, 0.3283206660223716], [0.4143887013501877, -0.4326571394488725, 0.8006808377107721]], "fy": 827.5837159010697, "fx": 832.0210947370572}, {"id": 4, "img_name": "14", "width": 1068, "height": 799, "position": [-0.2657840644029481, 1.720588957626115, -0.6253082503929324], "rotation": [[0.8815515843539149, -0.07349378786414515, -0.4663319282104567], [0.06787260811032426, 0.9972763673370764, -0.028864445590851665], [0.4671831687800887, -0.0062056664706475455, 0.8841387767269627]], "fy": 827.5837159010697, "fx": 832.0210947370572}, {"id": 5, "img_name": "15", "width": 1068, "height": 799, "position": [-0.2908086762815275, 3.4418268029870243, -0.9974699254463958], "rotation": [[0.8546924673518159, -0.044394147105562956, -0.5172329706764974], [-0.14519867522226412, 0.9361296213031094, -0.3202790608712919], [0.49841562070802353, 0.34884164290071057, 0.7936569644453255]], "fy": 827.5837159010697, "fx": 832.0210947370572}, {"id": 6, "img_name": "16", "width": 1068, "height": 799, "position": [-0.32267538513718835, 3.5432793729863823, -0.9822441685201663], "rotation": [[0.8689129885285422, -0.028195299196406856, -0.49416115131566435], [-0.25021757925349797, 0.8363883871781279, -0.4876941960143565], [0.42706133212797115, 0.5474116283901862, 0.7196937735622613]], "fy": 827.5837159010697, "fx": 832.0210947370572}, {"id": 7, "img_name": "17", "width": 1068, "height": 799, "position": [-0.3227178126909951, 3.8034266273254906, -1.0893000247576572], "rotation": [[0.8562297553457204, -0.03539415004923875, -0.5153812765350518], [-0.3646155263404647, 0.6653360931958574, -0.6514471590561579], [0.36595918353290924, 0.7457044570291672, 0.55677530365019]], "fy": 827.5837159010697, "fx": 832.0210947370572}, {"id": 8, "img_name": "18", "width": 1068, "height": 799, "position": [-0.31587664907752533, 3.946680828508261, -1.1584530526294536], "rotation": [[0.8551230171589089, -0.043676683110309235, -0.516582009827603], [-0.4267756843136818, 0.5064034179621368, -0.7492783818814297], [0.2943248898812888, 0.8611898313547058, 0.41439707234441236]], "fy": 827.5837159010697, "fx": 832.0210947370572}, {"id": 9, "img_name": "27", "width": 1068, "height": 799, "position": [0.42967208384289024, -4.475884529446268, 2.7387701003491842], "rotation": [[0.9983053479555664, -0.03648699990512408, 0.04533355359156183], [-0.046748731198274225, -0.03891511246653518, 0.9981483708112078], [-0.03465527917456496, -0.9985761427450788, -0.0405548858424305]], "fy": 827.5837159010697, "fx": 832.0210947370572}, {"id": 10, "img_name": "28", "width": 1068, "height": 799, "position": [0.4044119316628181, -4.476799108457682, 1.7265584864828534], "rotation": [[0.9986800488290686, -0.034510758555074204, 0.038041656308876515], [-0.029445740839424334, 0.22216697443581726, 0.974563894168285], [-0.04208453893280489, -0.9743976821678036, 0.2208575300251837]], "fy": 827.5837159010697, "fx": 832.0210947370572}, {"id": 11, "img_name": "29", "width": 1068, "height": 799, "position": [0.34025409559012576, -4.448058499225891, 1.2701625038329662], "rotation": [[0.9993944784717077, -0.03113128195450358, 0.01554090358160273], [0.001275027479082074, 0.47911091638911046, 0.8777534415208604], [-0.03477140643101826, -0.8772021278363705, 0.47886049765474803]], "fy": 827.5837159010697, "fx": 832.0210947370572}, {"id": 12, "img_name": "30", "width": 1068, "height": 799, "position": [0.3436728999753214, -3.251655970129175, 0.613563757499893], "rotation": [[0.9985665824004918, -0.02273784383106088, 0.04845380244022388], [-0.017375472211960157, 0.7185371010675085, 0.6952715493639248], [-0.05062483065071289, -0.6951168425864931, 0.7171120565672922]], "fy": 827.5837159010697, "fx": 832.0210947370572}, {"id": 13, "img_name": "31", "width": 1068, "height": 799, "position": [0.28870909578378046, -1.7044129131147538, 0.2856777776690998], "rotation": [[0.9986265106891058, -0.022617383970633793, 0.047260407226623904], [-0.0010867130741250444, 0.8928904704242173, 0.4502726139577161], [-0.052382355842362914, -0.44970552783787837, 0.8916395163004269]], "fy": 827.5837159010697, "fx": 832.0210947370572}, {"id": 14, "img_name": "32", "width": 1068, "height": 799, "position": [0.3017697814206679, 5.21346895378792, 0.7343860683161787], "rotation": [[0.9994079406940088, -0.026131078031821593, 0.02238157364117967], [0.019486717019012587, 0.9660243324760536, 0.25771545728577455], [-0.028355527460825387, -0.25712673105900485, 0.9659615977032051]], "fy": 827.5837159010697, "fx": 832.0210947370572}, {"id": 15, "img_name": "33", "width": 1068, "height": 799, "position": [0.2902487294701458, 5.110566367908959, 0.47526862246812007], "rotation": [[0.9999975899249618, -0.0016614372922360845, -0.0014351900194461038], [0.0016606025063088082, 0.9999984514572038, -0.0005826512767262114], [0.0014361558355524598, 0.0005802665923495919, 0.9999988003728293]], "fy": 827.5837159010697, "fx": 832.0210947370572}, {"id": 16, "img_name": "34", "width": 1068, "height": 799, "position": [0.30272740354576344, 5.15132504969755, 0.33222356957633076], "rotation": [[0.9999757438703208, 0.0067603829083294755, 0.0016759755163944417], [-0.005988787830507786, 0.9574090099670622, -0.2886730365902071], [-0.003556134322540244, 0.28865599743781983, 0.9574262734288511]], "fy": 827.5837159010697, "fx": 832.0210947370572}, {"id": 17, "img_name": "35", "width": 1068, "height": 799, "position": [0.42373539175996316, 5.524537433236846, 1.5127319858259054], "rotation": [[0.9998946252804599, 0.008950656627008526, 0.011429089254794472], [0.0002376545326950366, 0.7771009665836961, -0.6293759061602281], [-0.014514883932424661, 0.6293123020254973, 0.7770169526231699]], "fy": 827.5837159010697, "fx": 832.0210947370572}]